ID,Waiting Time,Response Time,Turn Around Time,Algorithm
0,49,352,331,FCFS
1,249,450,450,FCFS
4,294,686,686,FCFS
2,616,1179,1178,FCFS
3,1163,1374,1374,FCFS
6,1250,1822,1822,FCFS
5,1664,2627,2627,FCFS
7,2483,3174,3174,FCFS
8,3159,3220,3220,FCFS
9,3175,3347,3347,FCFS
10,3315,3907,3906,FCFS
11,3687,4599,4599,FCFS
12,4517,4878,4878,FCFS
13,4691,5192,5192,FCFS
15,5167,6189,6190,FCFS
14,6164,6456,6457,FCFS
16,6356,6607,6607,FCFS
18,6349,6460,6459,FCFS
17,6435,7067,7066,FCFS
19,6945,7218,7218,FCFS
20,6993,7415,7415,FCFS
22,7277,7477,7478,FCFS
23,7439,8241,8241,FCFS
21,8206,8223,8223,FCFS
24,8190,8201,8201,FCFS
25,8100,8190,8190,FCFS
27,7988,8519,8519,FCFS
26,8393,8794,8794,FCFS
29,8715,9016,9016,FCFS
28,8874,9776,9776,FCFS
30,9719,10741,10741,FCFS
31,10722,11354,11354,FCFS
32,11072,11314,11314,FCFS
33,11241,11341,11341,FCFS
35,11287,12369,12369,FCFS
34,12243,12424,12424,FCFS
36,12292,12592,12592,FCFS
37,12576,12627,12627,FCFS
39,12400,13183,13183,FCFS
38,13175,13266,13265,FCFS
41,13146,13248,13248,FCFS
40,13211,13462,13462,FCFS
42,13227,13328,13328,FCFS
43,13222,13624,13624,FCFS
44,13587,13808,13808,FCFS
45,13758,14269,14269,FCFS
46,14106,14308,14308,FCFS
47,14265,14358,14358,FCFS
48,14196,14348,14348,FCFS
50,14272,14883,14883,FCFS
49,14825,15016,15017,FCFS
51,14938,15279,15279,FCFS
52,15024,15475,15476,FCFS
53,15398,15549,15549,FCFS
54,15493,15824,15824,FCFS
56,15770,16711,16711,FCFS
55,16627,16637,16637,FCFS
57,16576,16789,16789,FCFS
59,16566,17047,17046,FCFS
58,16998,17420,17420,FCFS
61,17339,17630,17630,FCFS
60,17621,17741,17741,FCFS
62,17610,18162,18162,FCFS
63,17937,18237,18236,FCFS
64,18117,18288,18288,FCFS
65,18134,19095,19096,FCFS
66,19090,19376,19376,FCFS
67,19211,19814,19814,FCFS
69,19798,20701,20701,FCFS
68,20670,20920,20921,FCFS
70,20732,20983,20983,FCFS
72,20920,21335,21335,FCFS
71,21267,21808,21808,FCFS
73,21718,22058,22057,FCFS
74,21897,23028,23028,FCFS
76,22857,23248,23248,FCFS
75,23210,24011,24011,FCFS
77,23995,24700,24699,FCFS
78,24579,25070,25070,FCFS
79,24972,26293,26293,FCFS
81,26212,26645,26645,FCFS
82,26542,26623,26622,FCFS
80,26610,27632,27631,FCFS
83,27467,27498,27498,FCFS
84,27451,27511,27511,FCFS
85,27235,27246,27246,FCFS
86,27232,27352,27352,FCFS
88,27168,27968,27968,FCFS
87,27955,28559,28559,FCFS
89,28533,28905,28905,FCFS
92,28652,29552,29552,FCFS
90,29495,30147,30147,FCFS
93,30082,30123,30123,FCFS
91,30063,30363,30363,FCFS
95,30206,30297,30297,FCFS
94,30229,30330,30330,FCFS
96,30102,30454,30454,FCFS
97,30397,30688,30688,FCFS
98,30502,30923,30923,FCFS
100,30907,31628,31628,FCFS
99,31620,32371,32371,FCFS
101,32257,32717,32718,FCFS
102,32531,33492,33492,FCFS
103,33366,34308,34308,FCFS
105,34303,35426,35426,FCFS
104,35386,35687,35687,FCFS
106,35628,36931,36931,FCFS
107,36748,37029,37029,FCFS
108,36987,37227,37227,FCFS
109,36917,37518,37518,FCFS
110,37486,38286,38286,FCFS
111,38261,38282,38282,FCFS
112,38255,38816,38816,FCFS
113,38746,38756,38756,FCFS
115,38470,39111,39111,FCFS
116,39048,39248,39248,FCFS
114,39247,39327,39327,FCFS
117,39267,39859,39859,FCFS
118,39713,40024,40024,FCFS
119,39825,40126,40126,FCFS
120,40101,40171,40172,FCFS
121,39969,40490,40490,FCFS
122,40435,40646,40646,FCFS
124,40598,41050,41050,FCFS
125,40896,41807,41808,FCFS
123,41788,42049,42049,FCFS
126,41957,42558,42558,FCFS
127,42385,42735,42735,FCFS
128,42500,42721,42721,FCFS
129,42714,42834,42834,FCFS
131,42805,43376,43377,FCFS
130,43345,43845,43845,FCFS
132,43728,43818,43818,FCFS
133,43776,43836,43835,FCFS
134,43556,44057,44057,FCFS
135,43905,44025,44025,FCFS
137,43989,44289,44289,FCFS
138,44244,44425,44425,FCFS
136,44398,44569,44568,FCFS
139,44442,44644,44643,FCFS
140,44389,45310,45310,FCFS
141,45199,45530,45530,FCFS
142,45479,46630,46630,FCFS
143,46577,46777,46777,FCFS
144,46612,46732,46731,FCFS
146,46621,46872,46872,FCFS
145,46805,47026,47026,FCFS
148,46994,47224,47225,FCFS
147,47150,48030,48031,FCFS
149,47996,49197,49196,FCFS
151,49023,49494,49494,FCFS
150,49481,49802,49802,FCFS
152,49576,50238,50238,FCFS
153,50220,51182,51181,FCFS
155,50964,51755,51755,FCFS
154,51642,52163,52163,FCFS
157,52122,52272,52272,FCFS
156,52191,52372,52372,FCFS
158,52293,52504,52504,FCFS
159,52436,53387,53387,FCFS
161,53116,53726,53726,FCFS
160,53722,53863,53863,FCFS
162,53819,55521,55521,FCFS
163,55387,55659,55659,FCFS
164,55586,55917,55917,FCFS
165,55799,56380,56380,FCFS
167,56279,56360,56360,FCFS
166,56230,56840,56840,FCFS
168,56763,57124,57124,FCFS
170,56972,57272,57272,FCFS
169,57258,57689,57689,FCFS
171,57573,58515,58515,FCFS
172,58502,58632,58633,FCFS
173,58427,58528,58529,FCFS
174,58402,58864,58864,FCFS
175,58824,58865,58865,FCFS
176,58746,59247,59247,FCFS
177,59040,59882,59882,FCFS
179,59727,59927,59927,FCFS
180,59902,60523,60523,FCFS
178,60517,60968,60968,FCFS
181,60777,60948,60948,FCFS
182,60927,61668,61668,FCFS
184,61537,62038,62038,FCFS
183,61988,62492,62492,FCFS
185,62425,62847,62847,FCFS
186,62619,63500,63500,FCFS
187,63290,63851,63851,FCFS
189,63805,64555,64555,FCFS
188,64514,64915,64915,FCFS
190,64775,64875,64875,FCFS
191,64795,64825,64825,FCFS
192,64789,65070,65070,FCFS
193,64964,65295,65295,FCFS
194,65292,65422,65422,FCFS
195,65356,65367,65367,FCFS
198,65048,65439,65439,FCFS
196,65388,66029,66029,FCFS
197,65986,65996,65996,FCFS
199,65825,66557,66557,FCFS
200,66367,66867,66867,FCFS
201,66793,66993,66994,FCFS
202,66988,66998,66998,FCFS
203,66881,67732,67732,FCFS
204,67708,67788,67788,FCFS
206,67635,68135,68135,FCFS
205,68043,68774,68774,FCFS
207,68713,69355,69355,FCFS
208,69176,69407,69407,FCFS
210,69330,70141,70141,FCFS
209,70038,70209,70209,FCFS
212,70120,70421,70421,FCFS
211,70377,70688,70688,FCFS
213,70622,71324,71325,FCFS
214,71224,71395,71395,FCFS
215,71202,71703,71703,FCFS
216,71594,71704,71705,FCFS
218,71619,71920,71920,FCFS
217,71848,71968,71968,FCFS
220,71863,72505,72505,FCFS
219,72411,72441,72441,FCFS
221,72426,72477,72477,FCFS
222,72358,72618,72618,FCFS
223,72552,73226,73225,FCFS
224,73147,73357,73357,FCFS
225,73200,73501,73501,FCFS
227,73331,73672,73672,FCFS
226,73598,74430,74430,FCFS
229,74293,74616,74616,FCFS
228,74519,75250,75250,FCFS
230,75167,75599,75599,FCFS
231,75479,76100,76100,FCFS
232,75945,76026,76026,FCFS
233,75891,76561,76561,FCFS
234,76546,76656,76658,FCFS
236,76433,76733,76734,FCFS
235,76720,76920,76919,FCFS
239,76781,76831,76831,FCFS
237,76799,77091,77091,FCFS
238,77065,77075,77075,FCFS
240,76841,76965,76965,FCFS
241,76955,76966,76966,FCFS
242,76864,77456,77456,FCFS
243,77407,78298,78299,FCFS
244,78124,78716,78716,FCFS
246,78632,78853,78853,FCFS
245,78706,79406,79406,FCFS
247,79285,79897,79897,FCFS
248,79862,80863,80862,FCFS
249,80640,81292,81292,FCFS
1,198,209,208,SJF
0,17,860,854,SJF
2,494,568,568,SJF
3,303,467,466,SJF
10,13,23,23,SJF
5,443,939,938,SJF
15,53,558,558,SJF
23,53,63,63,SJF
22,39,301,301,SJF
26,29,141,141,SJF
29,15,137,136,SJF
30,100,150,150,SJF
32,19,30,30,SJF
31,24,337,337,SJF
41,84,577,576,SJF
49,67,87,87,SJF
52,49,60,60,SJF
53,45,438,438,SJF
54,70,713,714,SJF
66,59,230,230,SJF
68,190,270,270,SJF
64,146,598,598,SJF
69,93,103,103,SJF
67,89,712,712,SJF
71,676,776,777,SJF
47,3273,3373,3373,SJF
79,161,251,251,SJF
83,55,387,387,SJF
87,51,61,61,SJF
95,63,164,164,SJF
103,51,142,142,SJF
101,214,495,495,SJF
97,57,1417,1417,SJF
110,79,111,111,SJF
113,67,117,117,SJF
85,60,3394,3394,SJF
123,36,197,197,SJF
119,9,735,735,SJF
126,328,418,418,SJF
141,63,124,124,SJF
144,17,28,28,SJF
130,67,1464,1464,SJF
138,34,717,717,SJF
150,34,205,204,SJF
143,13,875,875,SJF
156,64,74,74,SJF
161,12,315,315,SJF
167,86,217,217,SJF
172,94,234,235,SJF
173,54,84,84,SJF
174,78,269,269,SJF
178,40,272,272,SJF
166,455,1832,1833,SJF
183,49,362,362,SJF
185,59,270,270,SJF
99,71,9230,9229,SJF
194,68,159,159,SJF
169,3422,3523,3523,SJF
170,83,3442,3442,SJF
204,8,59,59,SJF
206,67,539,539,SJF
210,75,106,106,SJF
216,24,74,74,SJF
184,42,3419,3419,SJF
219,88,258,259,SJF
224,112,313,313,SJF
109,11537,11638,11638,SJF
228,31,42,42,SJF
231,33,346,346,SJF
236,34,114,114,SJF
232,367,548,548,SJF
98,24,14212,14212,SJF
241,56,106,106,SJF
243,31,52,52,SJF
242,74,907,907,SJF
245,24,617,617,SJF
246,29,1193,1193,SJF
249,2,985,985,SJF
247,20,1454,1454,SJF
211,4908,5009,5009,SJF
177,31,8768,8768,SJF
213,80,5235,5235,SJF
120,7,14686,14686,SJF
226,86,4065,4066,SJF
35,76,23541,23540,SJF
244,33,2761,2761,SJF
111,21,16166,16166,SJF
128,154,14797,14797,SJF
122,51,15500,15500,SJF
127,77,15051,15051,SJF
133,8,14616,14616,SJF
136,2,14630,14630,SJF
129,38,15563,15563,SJF
142,850,14672,14672,SJF
158,50,13541,13540,SJF
155,13820,13940,13939,SJF
151,14220,14341,14340,SJF
8,28748,28868,28868,SJF
82,136,22038,22038,SJF
164,18,14029,14030,SJF
165,469,14188,14188,SJF
50,72,27040,27039,SJF
55,7,27052,27052,SJF
200,62,12968,12968,SJF
203,75,12990,12990,SJF
207,39,12912,12913,SJF
108,22613,22733,22733,SJF
205,425,13438,13438,SJF
112,45,23208,23208,SJF
115,66,23142,23142,SJF
227,11,12655,12655,SJF
159,19813,20013,20013,SJF
118,96,24512,24512,SJF
240,28,12785,12785,SJF
239,39,13056,13056,SJF
27,259,35033,35033,SJF
74,109,30771,30771,SJF
72,80,31104,31104,SJF
132,37,25367,25367,SJF
60,32455,32656,32656,SJF
17,31,37241,37241,SJF
39,69,35275,35274,SJF
81,27,31295,31295,SJF
37,81,36512,36512,SJF
6,108,40014,40014,SJF
160,69,24747,24748,SJF
154,25448,25649,25649,SJF
40,70,37491,37491,SJF
162,88,25477,25477,SJF
163,18,25666,25666,SJF
21,60,40683,40683,SJF
44,38164,38364,38363,SJF
19,52,41086,41086,SJF
182,31,25193,25193,SJF
188,19,25177,25177,SJF
96,55,34704,34704,SJF
43,39921,40121,40121,SJF
198,12,24986,24986,SJF
91,3,35654,35654,SJF
11,86,44153,44153,SJF
57,9,39793,39793,SJF
58,71,40665,40665,SJF
94,38137,38437,38437,SJF
221,60,26066,26066,SJF
28,51,46348,46348,SJF
36,40,47129,47128,SJF
61,41,44958,44958,SJF
237,7,28507,28507,SJF
62,13,46621,46622,SJF
116,41717,42017,42017,SJF
63,19,47367,47367,SJF
117,92,42393,42393,SJF
238,201,30642,30641,SJF
70,35,47880,47881,SJF
124,9,43015,43015,SJF
73,14,48209,48209,SJF
89,76,47311,47311,SJF
131,25422,43243,43244,SJF
90,109,47934,47934,SJF
230,14,34053,34054,SJF
134,38,43877,43877,SJF
42,65,53351,53350,SJF
34,133,54672,54672,SJF
77,50635,50935,50935,SJF
14,7,57676,57675,SJF
208,15,38751,38751,SJF
147,44682,44982,44982,SJF
106,93,49804,49804,SJF
45,67,56184,56183,SJF
20,33,58863,58863,SJF
88,52187,52488,52488,SJF
148,46796,47097,47097,SJF
146,41,47569,47569,SJF
152,39,47526,47526,SJF
222,40537,40838,40838,SJF
38,176,59602,59601,SJF
157,38,47984,47984,SJF
215,16,42502,42502,SJF
114,40,53254,53254,SJF
153,69,49628,49628,SJF
218,6,43382,43382,SJF
84,1063,57034,57034,SJF
18,3835,64750,64750,SJF
176,301,49531,49531,SJF
102,42,56951,56951,SJF
92,54,58460,58461,SJF
179,90,49950,49950,SJF
197,22262,48392,48392,SJF
181,88,50257,50257,SJF
104,29,58491,58491,SJF
202,60,49210,49210,SJF
56,36618,64049,64050,SJF
209,66,49203,49202,SJF
199,3086,50462,50462,SJF
100,75,60509,60509,SJF
195,254,51346,51346,SJF
46,38984,67114,67114,SJF
24,2493,69741,69741,SJF
107,50,61764,61764,SJF
171,14,56266,56266,SJF
51,65,69302,69302,SJF
4,597,75467,75466,SJF
135,43,63300,63300,SJF
192,90,58140,58140,SJF
168,19373,61020,61020,SJF
193,3379,59603,59603,SJF
140,77,65324,65324,SJF
234,52,56590,56590,SJF
65,27,73889,73890,SJF
212,59563,60063,60063,SJF
145,44,67300,67300,SJF
13,72,81193,81193,SJF
229,19,60403,60403,SJF
149,897,68921,68921,SJF
121,25,72311,72311,SJF
189,53,66161,66161,SJF
25,19,82899,82899,SJF
190,50,67040,67040,SJF
125,53,74517,74517,SJF
12,66,86072,86072,SJF
137,36,74293,74293,SJF
7,142,87746,87746,SJF
201,12950,69351,69351,SJF
175,71,72353,72353,SJF
33,51,87242,87242,SJF
191,813,71721,71721,SJF
225,8,68853,68853,SJF
139,131,77969,77969,SJF
220,49,70538,70538,SJF
86,8,84418,84418,SJF
223,24,71233,71233,SJF
105,1082,83520,83520,SJF
196,66,74970,74970,SJF
16,53,93181,93181,SJF
186,632,76797,76797,SJF
59,83,90093,90093,SJF
214,10,75077,75077,SJF
248,58,72193,72193,SJF
78,14,89704,89704,SJF
9,38,96967,96967,SJF
80,56,90436,90436,SJF
233,59,75764,75763,SJF
76,30024,91786,91786,SJF
48,35,94984,94985,SJF
217,19,78605,78605,SJF
187,19,82253,82253,SJF
75,118,93782,93782,SJF
93,20,92515,92515,SJF
180,19,84379,84379,SJF
235,79035,79535,79535,SJF
Throughput: 8730 Patrons/hr
